933,932,939,943,948,951,951,951,949,942,935,937,948,953,951,951,963,960,932,906,
897,911,925,930,928,931,940,950,947,944,929,917,920,936,955,975,987,979,966,960,
967,974,971,958,952,962,993,1011,993,960,957,977,1000,1008,995,978,970,985,1016,
1035,1034,1014,1001,995,1006,1017,1024,1021,1020,1016,1005,995,998,1000,997,999,
1004,997,981,969,977,993,995,983,953,933,941,967,984,979,965,955,951,952,955,960,
960,960,963,976,985,977,958,949,955,971,988,994,985,978,975,963,952,948,954,975,
987,989,987,976,967,963,963,977,987,986,977,977,993,1011,1008,990,968,960,960,963,
975,989,994,989,977,962,956,960,970,978,969,950,947,961,974,974,971,976,984,981,
966,957,966,975,978,978,976,981,990,997,1021,1042,1061,1061,1061,1072,1089,1125,
1188,1244,1262,1254,1241,1240,1253,1268,1280,1275,1244,1191,1135,1085,1054,1043,
1042,1035,1006,966,937,931,937,951,967,971,955,933,917,920,935,948,932,901,888,891,
908,914,917,914,918,919,915,911,907,908,911,918,926,932,928,910,904,911,930,935,
932,925,931,949,963,951,928,906,903,918,923,939,955,964,960,949,944,938,934,946,
967,973,961,961,968,972,969,972,987,1000,995,984,983,992,998,989,972,961,965,975,
986,999,1005,1000,978,955,956,969,971,967,966,975,976,975,984,1003,1018,1007,970,
945,964,1004,1010,979,950,956,987,1022,1035,1016,982,962,949,940,932,933,948,958,
954,955,978,1013,1039,1058,1075,1093,1104,1148,1183,1197,1187,1177,1171,1145,1104,
1067,1043,1021,988,963,951,949,943,937,923,907,896,899,922,943,954,946,923,907,901,
903,897,886,885,894,904,910,908,912,909,904,910,917,917,915,917,932,957,960,937,
912,893,892,912,928,933,935,943,958,970,969,958,949,950,950,945,953,969,982,983,
985,986,979,965,946,938,939,947,958,971,973,965,960,962,966
